-3.794652521610260010e-01
-2.733650207519531250e-01
-9.730148315429687500e-02
-2.587881088256835938e-01
-1.836471706628799438e-01
1.722815036773681641e-01
4.549331665039062500e-01
4.439792633056640625e-01
-1.835889667272567749e-01
-1.466789245605468750e-01
-1.355361789464950562e-01
-1.782341003417968750e-01
-1.825141906738281250e-01
-1.761064380407333374e-01
-4.952756762504577637e-01
2.056952267885208130e-01
1.218671724200248718e-01
1.160070374608039856e-01
-3.486938476562500000e-01
-3.224697411060333252e-01
-3.075008690357208252e-01
-3.191528320312500000e-01
-3.380441665649414062e-01
-3.085422515869140625e-01
-3.129968643188476562e-01
-2.556724548339843750e-01
-1.961345672607421875e-01
1.289480030536651611e-01
3.495607376098632812e-01
3.272600173950195312e-01
-2.572472691535949707e-01
3.221566081047058105e-01
-2.032796740531921387e-01
-5.572154000401496887e-02
8.257804811000823975e-02
2.815351486206054688e-01
4.428376853466033936e-01
4.537015408277511597e-02
-2.668476104736328125e-02
-3.996962904930114746e-01
1.325602531433105469e-01
2.737064361572265625e-01
-1.707087308168411255e-01
-4.314346015453338623e-01
-5.310010313987731934e-01
3.310266137123107910e-02
-2.136089652776718140e-01
-5.615093931555747986e-02
-5.377578735351562500e-02
-5.051231384277343750e-02
-4.522132873535156250e-02
-3.626346588134765625e-02
5.650615692138671875e-02
-4.084491729736328125e-02
-4.901885986328125000e-02
-4.010581970214843750e-02
7.032139599323272705e-02
2.586441040039062500e-01
4.330635070800781250e-02
-2.475636266171932220e-02
1.624736338853836060e-01
-6.058301776647567749e-02
-1.158256530761718750e-01
-1.451314687728881836e-01
-1.301450729370117188e-01
-2.488727420568466187e-01
-2.920808792114257812e-01
-2.158269882202148438e-01
4.066339433193206787e-01
4.888648986816406250e-01
-5.730846524238586426e-02
-4.673480987548828125e-02
5.683536529541015625e-01
2.056122012436389923e-02
-2.615810632705688477e-01
-2.998810112476348877e-01
-1.896133422851562500e-01
1.684193462133407593e-01
-2.835029959678649902e-01
-2.453012466430664062e-01
-2.085580974817276001e-01
1.884557306766510010e-02
2.753610610961914062e-01
5.065059661865234375e-01
5.005445480346679688e-01
4.559154510498046875e-01
-6.382524222135543823e-02
-2.182227969169616699e-01
-1.940212249755859375e-01
1.073684766888618469e-01
-1.782684475183486938e-01
2.488358914852142334e-01
1.868034899234771729e-01
-1.074914932250976562e-01
-2.901170849800109863e-01
-3.692235648632049561e-01
-1.515248417854309082e-01
3.697204589843750000e-02
9.413242340087890625e-02
4.068756103515625000e-02
-1.009559631347656250e-01
-5.958652496337890625e-02
-6.532860547304153442e-02
5.798912048339843750e-02
1.613016128540039062e-01
-5.980300903320312500e-02
3.265704810619354248e-01
3.502645492553710938e-01
-1.821914762258529663e-01
-2.628602981567382812e-01
-1.246566697955131531e-01
-3.015985488891601562e-01
-1.808471679687500000e-01
-3.254232406616210938e-01
-2.421302795410156250e-01
-1.803836822509765625e-01
-2.125511020421981812e-01
-1.534595340490341187e-01
-2.951049804687500000e-02
7.404364645481109619e-02
-1.567926406860351562e-01
-2.396965026855468750e-01
-2.592496871948242188e-01
-2.923860549926757812e-01
-2.858037948608398438e-01
-2.715272605419158936e-01
-2.543992996215820312e-01
-2.617673873901367188e-01
-9.947932511568069458e-02
1.676816940307617188e-01
1.732082366943359375e-01
8.373880386352539062e-01
-8.531436324119567871e-02
2.103314995765686035e-01
-1.493670046329498291e-01
3.817097470164299011e-02
1.163636222481727600e-01
-6.953334808349609375e-02
-1.640357971191406250e-01
2.345838546752929688e-01
-1.035356447100639343e-01
-9.444141387939453125e-02
1.642334908246994019e-01
2.452116161584854126e-01
2.185906171798706055e-01
3.225545883178710938e-01
2.263278812170028687e-01
-7.137064635753631592e-02
2.711867988109588623e-01
7.844161987304687500e-02
8.035278320312500000e-02
8.244895935058593750e-02
1.361255645751953125e-01
8.618068695068359375e-02
1.919908523559570312e-01
1.105222702026367188e-01
3.910990059375762939e-01
3.389759063720703125e-01
3.732814788818359375e-01
4.390726089477539062e-01
1.138048171997070312e-01
6.655979156494140625e-02
1.022808812558650970e-02
5.081748962402343750e-02
1.250256877392530441e-02
3.181457519531250000e-02
-7.396411895751953125e-02
1.738452911376953125e-02
-4.794597625732421875e-02
5.028820037841796875e-02
1.339282840490341187e-01
2.264404296875000000e-02
1.245813444256782532e-01
-3.803053796291351318e-01
-2.075357437133789062e-01
5.465738102793693542e-02
-7.026290893554687500e-02
-7.482592761516571045e-02
-6.639194488525390625e-02
1.277980804443359375e-01
1.113624572753906250e-01
9.379959106445312500e-02
1.209392547607421875e-01
8.867073059082031250e-02
1.051130294799804688e-01
1.339683532714843750e-01
1.036958694458007812e-01
1.810579299926757812e-01
1.322546005249023438e-01
8.582592010498046875e-02
1.275491714477539062e-01
1.050710678100585938e-01
-3.631547093391418457e-01
-1.623139828443527222e-01
-5.433555841445922852e-01
-3.140287399291992188e-01
-3.075342178344726562e-01
2.075870633125305176e-01
5.474243164062500000e-01
3.536748886108398438e-01
5.082293152809143066e-01
7.063675206154584885e-03
2.521343231201171875e-01
-4.422855377197265625e-02
-2.772807888686656952e-02
3.303050994873046875e-02
-1.873111538589000702e-02
1.855373382568359375e-02
-1.409053802490234375e-02
-2.333259396255016327e-02
2.384185791015625000e-03
1.623105853796005249e-01
1.743316650390625000e-02
4.709148406982421875e-02
1.146661788225173950e-01
3.934459686279296875e-01
3.548269271850585938e-01
2.001018524169921875e-01
1.952018737792968750e-01
3.491649627685546875e-01
1.131915971636772156e-01
8.362389355897903442e-02
9.394932538270950317e-02
9.393597394227981567e-02
-1.096899136900901794e-01
2.251308858394622803e-01
-3.707771301269531250e-01
-4.921178817749023438e-01
-1.543950885534286499e-01
2.474289089441299438e-01
1.296609342098236084e-01
-2.233827561140060425e-01
-4.674358367919921875e-01
-3.565435707569122314e-01
3.581976592540740967e-01
5.229406356811523438e-01
2.551279217004776001e-02
3.239587545394897461e-01
7.731580734252929688e-01
3.201328516006469727e-01
1.445140838623046875e-01
1.258563995361328125e-02
-2.277851104736328125e-02
3.646659851074218750e-02
-6.178092956542968750e-02
1.306629180908203125e-02
-8.598995953798294067e-02
3.952793478965759277e-01
4.255456924438476562e-01
-4.551705345511436462e-02
-1.928234100341796875e-02
1.114240363240242004e-01
7.220649719238281250e-02
3.587869703769683838e-01
6.602239608764648438e-01
6.618776321411132812e-01
-1.957530975341796875e-01
-2.392005920410156250e-01
-2.289295196533203125e-01
-2.270851284265518188e-01
-2.595834732055664062e-01
-2.608852386474609375e-01
-2.487363666296005249e-01
-4.958221316337585449e-01
7.127475738525390625e-02
-1.221827641129493713e-01
-3.623833656311035156e-01
-8.959102630615234375e-02
5.793583113700151443e-03
-1.254243403673171997e-01
3.944884985685348511e-02
1.630764007568359375e-01
-3.990769386291503906e-02
-1.069936752319335938e-01
-2.061624526977539062e-01
-1.610441207885742188e-01
2.157945632934570312e-01
1.956949084997177124e-01
1.851387023925781250e-01
2.747764587402343750e-01
2.061004638671875000e-01
1.388530880212783813e-01
1.893186718225479126e-01
2.269897460937500000e-01
-1.542677730321884155e-01
-5.318451300263404846e-02
-3.773975372314453125e-02
-1.313350349664688110e-02
-2.682027816772460938e-01
-2.378447353839874268e-02
-3.000878989696502686e-01
-3.093176782131195068e-01
-1.820590943098068237e-01
8.848762512207031250e-02
7.629693299531936646e-02
2.365207523107528687e-01
5.079419165849685669e-02
-9.289146214723587036e-02
-3.005848526954650879e-01
-3.007078170776367188e-01
-1.464586257934570312e-01
-2.959938049316406250e-01
-2.572880983352661133e-01
-1.598844528198242188e-01
-7.150459289550781250e-02
-2.363491058349609375e-01
-2.607078254222869873e-01
-2.582197189331054688e-01
-2.573413848876953125e-01
-2.615127563476562500e-01
-5.833578761667013168e-03
-1.085987091064453125e-01
-1.384571008384227753e-02
2.224512249231338501e-01
3.668956458568572998e-01
7.183237075805664062e-01
2.997550964355468750e-01
3.604764938354492188e-01
2.540585771203041077e-02
3.299693763256072998e-01
3.210992813110351562e-01
5.455017462372779846e-02
-8.914661407470703125e-02
-4.204654693603515625e-02
1.862552464008331299e-01
-2.328453212976455688e-01
7.488918304443359375e-02
1.465339660644531250e-01
2.363128662109375000e-01
1.145534589886665344e-01
1.915531158447265625e-01
1.345891803503036499e-01
1.553621292114257812e-01
1.372356265783309937e-01
1.611032485961914062e-01
2.230587154626846313e-01
-3.489904403686523438e-01
-8.815928548574447632e-02
9.888505935668945312e-01
-1.681754142045974731e-01
1.951961517333984375e-01
1.565933227539062500e-01
2.067708969116210938e-01
2.224016040563583374e-01
1.649055331945419312e-01
1.867208480834960938e-01
2.601013332605361938e-02
2.787704467773437500e-01
4.236621856689453125e-01
3.919467926025390625e-01
5.828671902418136597e-02
4.117536544799804688e-01
1.529970169067382812e-01
4.556560516357421875e-01
-5.074405670166015625e-02
-2.781171798706054688e-01
-2.731380462646484375e-01
-1.251894980669021606e-01
-2.268142700195312500e-01
-1.475248336791992188e-01
-2.395601421594619751e-01
-2.318134307861328125e-01
-1.333608776330947876e-01
-1.388940662145614624e-01
-1.260786056518554688e-01
-5.162931978702545166e-02
1.471277028322219849e-01
-7.777401804924011230e-02
-9.862136840820312500e-02
-3.810272216796875000e-01
6.361866742372512817e-02
-2.443084567785263062e-01
-2.317681014537811279e-01
-3.322753906250000000e-01
-3.626565635204315186e-01
-4.195709228515625000e-01
-2.057076543569564819e-01
-1.611032485961914062e-01
-1.316021662205457687e-02
2.543001174926757812e-01
3.273305892944335938e-01
3.228120803833007812e-01
5.626092478632926941e-02
-2.139177173376083374e-01
-1.334743499755859375e-01
-6.098995730280876160e-02
7.831287384033203125e-02
-4.869225248694419861e-02
4.418144226074218750e-01
-7.747846841812133789e-02
6.080085039138793945e-01
-3.955771923065185547e-01
-2.289608493447303772e-02
4.380112513899803162e-02
2.876529693603515625e-01
-1.766510009765625000e-01
-4.382762908935546875e-01
-3.161135017871856689e-01
-1.908664703369140625e-01
-4.433031082153320312e-01
1.065923422574996948e-01
7.147502899169921875e-02
-3.416347503662109375e-02
1.281328201293945312e-01
-7.400608062744140625e-02
2.239255756139755249e-01
2.183509320020675659e-01
3.833045959472656250e-01
3.881530761718750000e-01
4.968824088573455811e-01
3.649158477783203125e-01
3.618145361542701721e-02
8.959615230560302734e-02
1.746606826782226562e-01
1.865005493164062500e-02
4.013271331787109375e-01
5.054836273193359375e-01
4.717159271240234375e-01
-1.861439943313598633e-01
-4.323812723159790039e-01
1.845027208328247070e-01
-3.628730541095137596e-03
3.433451801538467407e-02
8.422279357910156250e-02
1.674089431762695312e-01
1.220102235674858093e-01
2.185354232788085938e-01
-2.587776184082031250e-01
-3.265848159790039062e-01
1.818256378173828125e-01
-1.362171173095703125e-01
-8.149623870849609375e-02
-6.528759002685546875e-02
1.602182388305664062e-01
-2.863292209804058075e-02
2.494596540927886963e-01
5.100364685058593750e-01
2.712693810462951660e-02
-8.188942074775695801e-02
3.548316955566406250e-01
2.343521267175674438e-01
1.498760096728801727e-02
-3.722903504967689514e-02
-6.717929244041442871e-02
2.593708038330078125e-01
-1.295594722032546997e-01
-2.624827027320861816e-01
8.546925336122512817e-02
-1.611234694719314575e-01
-2.756490707397460938e-01
1.513285487890243530e-01
3.048906028270721436e-01
-5.191802978515625000e-03
1.418495178222656250e-02
2.223873138427734375e-02
4.100799560546875000e-03
9.895324707031250000e-03
4.917145241051912308e-03
-1.483750529587268829e-03
1.138086244463920593e-01
1.421499252319335938e-01
1.059484556317329407e-01
2.500486373901367188e-01
3.534549772739410400e-01
3.815660476684570312e-01
2.566556930541992188e-01
8.809179812669754028e-02
-5.615711212158203125e-02
-1.356468200683593750e-01
-9.284210950136184692e-02
-1.754188537597656250e-02
-4.873847961425781250e-02
6.211280822753906250e-02
-1.366080623120069504e-02
2.995077669620513916e-01
4.057699069380760193e-02
1.971635818481445312e-01
2.256574779748916626e-01
1.004094183444976807e-01
3.368921279907226562e-01
4.398984909057617188e-01
5.907249450683593750e-02
4.188442230224609375e-02
1.009435653686523438e-01
4.195881262421607971e-02
4.401874542236328125e-02
4.022352024912834167e-02
-5.433876439929008484e-02
5.775737762451171875e-02
1.603059768676757812e-01
1.487073898315429688e-01
1.551322937011718750e-01
1.623411178588867188e-01
9.147453308105468750e-02
1.320667266845703125e-01
1.490554809570312500e-01
-1.200847625732421875e-01
2.089309692382812500e-01
1.000080183148384094e-01
1.864118576049804688e-01
8.443259447813034058e-02
3.990393280982971191e-01
7.046051025390625000e-01
-2.402734756469726562e-01
-3.408126831054687500e-01
9.953784942626953125e-02
4.787702858448028564e-01
-2.988984882831573486e-01
1.388349086046218872e-01
2.431726455688476562e-01
1.473932266235351562e-01
2.243947982788085938e-01
5.453243255615234375e-01
5.456915497779846191e-01
1.923370361328125000e-02
5.494499579071998596e-02
5.771064758300781250e-02
3.318786388263106346e-03
6.249046698212623596e-02
1.006259992718696594e-01
3.261041641235351562e-01
1.427745725959539413e-02
1.897335052490234375e-02
1.211297437548637390e-01
-3.003742694854736328e-01
-1.835021972656250000e-01
-1.289863586425781250e-01
-8.936214447021484375e-02
1.598712801933288574e-02
3.637123107910156250e-02
1.513071060180664062e-01
3.122370317578315735e-02
-1.704492568969726562e-01
-1.012621000409126282e-01
-1.490478515625000000e-01
-1.272516399621963501e-01
2.077388763427734375e-02
-1.049890518188476562e-01
-8.812236785888671875e-02
-6.376743316650390625e-02
6.192684173583984375e-02
-2.271872907876968384e-01
1.647413074970245361e-01
-1.161512061953544617e-01
2.129436843097209930e-02
3.364934921264648438e-01
3.082084357738494873e-01
2.525272667407989502e-01
2.203798443078994751e-01
1.834239959716796875e-01
1.110101267695426941e-01
4.690148681402206421e-02
1.925888061523437500e-01
1.496122330427169800e-01
2.701387405395507812e-01
5.277948379516601562e-01
2.978162765502929688e-01
-3.467891216278076172e-01
-3.248891830444335938e-01
-4.228305518627166748e-01
-1.168279647827148438e-01
-2.578431665897369385e-01
-7.511891424655914307e-02
2.469158172607421875e-02
2.990417480468750000e-01
-3.816509246826171875e-02
3.000287711620330811e-01
-7.273032516241073608e-02
-3.127400204539299011e-02
-2.637241482734680176e-01
1.706579774618148804e-01
-1.532818675041198730e-01
-3.140743672847747803e-01
-1.039695739746093750e-01
-9.599876403808593750e-02
-3.069772720336914062e-01
1.737446486949920654e-01
-8.014678210020065308e-02
2.705728411674499512e-01
2.171525806188583374e-01
5.167382955551147461e-02
-1.961326599121093750e-02
8.964633941650390625e-02
1.449842453002929688e-01
-2.498588562011718750e-01
-2.374410629272460938e-01
-2.308855056762695312e-01
-2.198781967163085938e-01
-1.480550765991210938e-01
-1.935081332921981812e-01
-2.160911560058593750e-01
-2.214489132165908813e-01
-7.412312924861907959e-02
9.530162811279296875e-02
1.873474121093750000e-01
1.727676391601562500e-01
1.381978988647460938e-01
-5.136511474847793579e-02
3.053531944751739502e-01
6.322765350341796875e-02
6.318092346191406250e-02
4.551982879638671875e-02
5.791664123535156250e-02
1.158475875854492188e-01
2.342929840087890625e-01
2.399921417236328125e-02
-1.798684708774089813e-02
1.090831756591796875e-01
2.115754932165145874e-01
1.954431533813476562e-01
-6.290855258703231812e-02
1.174741759896278381e-01
3.296852111816406250e-02
1.249847337603569031e-01
7.071686536073684692e-02
1.067619323730468750e-01
-2.809906005859375000e-02
-2.500820346176624298e-02
4.541397094726562500e-03
-2.066326141357421875e-02
3.116226010024547577e-02
7.494354248046875000e-02
7.445907592773437500e-02
1.143884658813476562e-01
3.335618972778320312e-01
5.073690414428710938e-01
3.238515853881835938e-01
5.076684951782226562e-01
4.200649559497833252e-01
3.876342773437500000e-01
4.606637656688690186e-01
-1.186532992869615555e-02
-6.110873073339462280e-02
-2.831935584545135498e-01
-1.702470779418945312e-01
1.497116088867187500e-01
-1.630115509033203125e-01
5.002212524414062500e-02
1.402082443237304688e-01
5.360107868909835815e-02
7.957839965820312500e-02
1.477327346801757812e-01
5.675506591796875000e-02
-1.951694488525390625e-02
-3.993511199951171875e-02
2.034378051757812500e-02
1.101684570312500000e-02
3.303976058959960938e-01
2.872253060340881348e-01
2.725105285644531250e-01
5.283794403076171875e-01
-1.865931414067745209e-02
1.410882771015167236e-01
5.496664047241210938e-01
4.941921234130859375e-01
2.651433944702148438e-01
2.840347290039062500e-01
2.739553451538085938e-01
-1.560668945312500000e-01
-1.640682220458984375e-01
-1.395912170410156250e-01
-4.094365239143371582e-02
7.883548736572265625e-02
-3.618144989013671875e-02
-3.233847022056579590e-01
-1.415634155273437500e-01
-2.221288681030273438e-01
2.451899051666259766e-01
4.207248687744140625e-01
4.054899513721466064e-01
4.344892501831054688e-01
5.057773590087890625e-01
4.559966921806335449e-02
2.842330932617187500e-01
-1.192708984017372131e-01
1.580066829919815063e-01
1.264476776123046875e-01
-4.118318259716033936e-01
-1.836956739425659180e-01
-2.122688293457031250e-02
-3.503379821777343750e-01
-2.761354446411132812e-01
-3.948793113231658936e-01
-3.740024566650390625e-02
-3.330240249633789062e-01
-7.055568695068359375e-02
-2.973623275756835938e-01
6.180413067340850830e-02
1.065826416015625000e-02
-3.257801234722137451e-01
-1.010569632053375244e-01
3.736209869384765625e-02
-9.751129150390625000e-02
2.983379364013671875e-02
-9.422316402196884155e-02
1.549562215805053711e-01
1.943114697933197021e-01
5.070219039916992188e-01
6.562395393848419189e-02
5.695915222167968750e-02
-2.013549804687500000e-01
-7.984352111816406250e-02
-1.086874008178710938e-01
-3.687191382050514221e-02
-2.149330824613571167e-01
7.913577556610107422e-02
4.427375793457031250e-01
8.299942016601562500e-01
-3.099371492862701416e-02
-9.220886230468750000e-02
5.330849066376686096e-02
-2.049541473388671875e-02
-2.996444515883922577e-02
3.113307952880859375e-01
9.261704236268997192e-02
3.770722821354866028e-02
-2.694320678710937500e-02
8.456420898437500000e-02
7.335376739501953125e-02
1.445894241333007812e-01
1.620292663574218750e-03
-2.286167740821838379e-01
-1.847915649414062500e-01
-9.157370775938034058e-02
3.029124438762664795e-01
2.838993072509765625e-01
4.299383163452148438e-01
3.912840187549591064e-01
2.560873031616210938e-01
1.104807704687118530e-01
-1.561404019594192505e-01
-3.128566741943359375e-01
-3.041761182248592377e-02
1.528198421001434326e-01
2.223272472620010376e-01
2.896690368652343750e-02
-5.418301001191139221e-02
8.642195910215377808e-02
-1.348962783813476562e-01
-9.068966656923294067e-02
2.702211737632751465e-01
5.065803527832031250e-01
4.011669158935546875e-01
4.134340286254882812e-01
4.355077743530273438e-01
-8.492755889892578125e-02
-1.182222366333007812e-01
-6.044643372297286987e-02
3.095626831054687500e-01
5.250740051269531250e-01
3.702621757984161377e-01
3.856039047241210938e-01
7.438888549804687500e-01
5.409222841262817383e-02
-3.622646331787109375e-01
-3.112945556640625000e-01
-3.226051330566406250e-01
2.294992096722126007e-02
1.815500110387802124e-01
1.791233196854591370e-02
1.542482376098632812e-01
4.693498909473419189e-01
4.592170715332031250e-01
4.394645392894744873e-01
-2.458042055368423462e-01
-6.002426147460937500e-03
4.434497356414794922e-01
7.234106063842773438e-01
6.751337051391601562e-01
6.374950408935546875e-01
1.039300709962844849e-01
9.453772902488708496e-01
4.681291878223419189e-01
5.185432434082031250e-01
-1.385374069213867188e-01
-1.353521347045898438e-01
-1.744117736816406250e-01
-1.681938171386718750e-01
-1.685409545898437500e-01
-1.094179153442382812e-01
-5.591201037168502808e-02
1.332218647003173828e-01
7.067909836769104004e-01
5.717334747314453125e-01
5.891237258911132812e-01
-1.727653592824935913e-01
-3.612252473831176758e-01
-1.714448779821395874e-01
-2.802047729492187500e-01
-4.074640274047851562e-01
8.083865791559219360e-02
2.071590572595596313e-01
-1.020651459693908691e-01
-4.522991180419921875e-02
1.329355239868164062e-01
3.549480438232421875e-02
1.024532318115234375e-02
1.055879518389701843e-01
-8.115490525960922241e-02
-1.085596084594726562e-01
1.051406860351562500e-01
3.658437430858612061e-01
4.999102652072906494e-01
8.103961944580078125e-01
6.236124038696289062e-01
6.329069137573242188e-01
2.170476913452148438e-01
1.168661117553710938e-01
1.990251541137695312e-01
1.899080276489257812e-01
3.327608108520507812e-01
2.575883865356445312e-01
3.024444580078125000e-01
1.240522265434265137e-01
2.341651916503906250e-02
-1.371184438467025757e-01
2.448893785476684570e-01
2.887802124023437500e-01
4.533602595329284668e-01
-1.671137362718582153e-01
1.685523986816406250e-01
1.478082537651062012e-01
2.647657394409179688e-01
-7.184568792581558228e-02
1.042909696698188782e-01
1.298246383666992188e-01
1.737670898437500000e-01
-1.084972396492958069e-01
-1.009759902954101562e-01
-1.399755477905273438e-01
-1.102056577801704407e-01
-2.586736679077148438e-01
-1.815519332885742188e-01
8.466685563325881958e-02
3.971395492553710938e-01
4.280281066894531250e-01
3.846578896045684814e-01
2.885141372680664062e-01
3.969208523631095886e-02
-7.847096771001815796e-02
3.894844353199005127e-01
2.952203750610351562e-01
3.070087432861328125e-01
3.545017242431640625e-01
1.212548092007637024e-01
1.193008422851562500e-01
1.681509017944335938e-01
7.304476946592330933e-02
-2.774115800857543945e-01
-2.736721038818359375e-01
3.528065383434295654e-01
2.709131240844726562e-01
1.397901326417922974e-01
3.946147114038467407e-02
-3.405094146728515625e-02
3.431202471256256104e-01
7.926198840141296387e-02
-2.741508483886718750e-01
-2.941999733448028564e-01
3.378677368164062500e-02
2.945022583007812500e-01
-1.571273803710937500e-02
-2.804470062255859375e-02
1.024360656738281250e-01
8.965682983398437500e-02
1.298971176147460938e-01
1.226873397827148438e-01
1.214714050292968750e-01
-4.322433471679687500e-02
1.334476470947265625e-01
2.721977233886718750e-02
-2.103094309568405151e-01
-1.405748128890991211e-01
1.988506317138671875e-02
4.262447357177734375e-02
2.299098968505859375e-01
-6.448078155517578125e-02
-1.144409179687500000e-01
2.514137886464595795e-02
7.284832000732421875e-02
1.491498947143554688e-01
1.258001327514648438e-01
1.193609237670898438e-01
5.280128717422485352e-01
1.727634221315383911e-01
4.678926169872283936e-01
5.785951614379882812e-01
7.494945526123046875e-01
2.452411800622940063e-01
-4.877567291259765625e-02
4.291410744190216064e-01
2.187252193689346313e-01
-1.854188591241836548e-01
-1.157770156860351562e-01
-1.665973663330078125e-02
-5.874061584472656250e-02
-6.235695257782936096e-02
7.962723076343536377e-02
-6.859397888183593750e-02
-4.925346747040748596e-02
-3.863916099071502686e-01
-2.734851837158203125e-01
-2.823581695556640625e-01
-2.685985267162322998e-01
-2.749300301074981689e-01
-2.736520767211914062e-01
-2.761898040771484375e-01
-2.584161758422851562e-01
5.754996836185455322e-02
2.980566024780273438e-01
2.778673171997070312e-01
2.542524337768554688e-01
2.102019935846328735e-01
-2.308444380760192871e-01
-1.919040828943252563e-01
8.059859275817871094e-02
-4.943048208951950073e-02
2.185292541980743408e-01
4.492636024951934814e-01
1.293249130249023438e-01
2.637739181518554688e-01
2.841863632202148438e-01
2.545499801635742188e-01
2.785434722900390625e-01
3.394956886768341064e-01
2.361202239990234375e-01
-1.158201247453689575e-01
-9.659004211425781250e-02
-4.034614562988281250e-02
5.752754211425781250e-02
-6.235248595476150513e-02
2.883924171328544617e-02
-2.740491032600402832e-01
-2.314433902502059937e-01
-5.608434230089187622e-02
4.638290032744407654e-02
3.967571258544921875e-02
-1.256831437349319458e-01
1.725482940673828125e-02
5.622482299804687500e-02
1.645116806030273438e-01
-1.709928512573242188e-01
-1.907157897949218750e-02
-1.911163213662803173e-03
-9.944915771484375000e-03
-8.335113525390625000e-03
-5.895424261689186096e-02
-1.643371582031250000e-02
-2.832031250000000000e-01
-2.492914199829101562e-01
-2.935933768749237061e-01
-5.515003204345703125e-02
-3.044643104076385498e-01
-3.955450057983398438e-01
-3.903770446777343750e-01
-2.958412170410156250e-01
9.564039856195449829e-02
2.234926223754882812e-01
3.425512313842773438e-01
1.930532455444335938e-01
1.797552108764648438e-01
2.510194778442382812e-01
2.185935974121093750e-01
2.419376522302627563e-01
-1.567840576171875000e-01
1.212320402264595032e-01
3.102321624755859375e-01
2.038145214319229126e-01
-1.838010735809803009e-02
4.010076522827148438e-01
1.923856586217880249e-01
3.577280044555664062e-01
-5.213652923703193665e-02
6.471443176269531250e-02
-9.432955831289291382e-02
2.294396460056304932e-01
1.504840850830078125e-01
1.723127365112304688e-01
3.038643002510070801e-01
9.676456451416015625e-02
5.531311035156250000e-02
8.919811248779296875e-02
5.906105041503906250e-03
8.825778961181640625e-02
1.107521057128906250e-01
1.011076048016548157e-01
1.107511445879936218e-01
1.107826232910156250e-01
1.076402664184570312e-01
-2.039156556129455566e-01
2.270252704620361328e-01
4.676237106323242188e-01
4.371223747730255127e-01
4.870758056640625000e-01
4.262151718139648438e-01
4.624366760253906250e-01
1.371776014566421509e-01
-3.910887986421585083e-03
2.621908187866210938e-01
-1.932668685913085938e-01
1.845550537109375000e-02
1.946449279785156250e-03
-6.099605560302734375e-02
-1.161379814147949219e-01
-1.264175772666931152e-02
-6.428623199462890625e-02
1.290321350097656250e-03
-4.406833648681640625e-02
-8.836174011230468750e-02
1.500329971313476562e-01
1.175870895385742188e-01
-3.093433380126953125e-02
-3.774642944335937500e-02
-8.397700637578964233e-02
-2.946968078613281250e-01
-2.975044250488281250e-01
-3.298950195312500000e-01
1.979454010725021362e-01
2.208460718393325806e-01
5.132207870483398438e-01
1.909457892179489136e-01
1.409130096435546875e-01
1.947250366210937500e-01
2.249221950769424438e-01
1.776990741491317749e-01
1.716985702514648438e-01
1.774234771728515625e-01
1.721048355102539062e-01
3.445906564593315125e-03
6.072616204619407654e-02
-1.305589526891708374e-01
-1.827211380004882812e-01
-2.074279785156250000e-01
-1.706218868494033813e-01
5.280742645263671875e-01
-1.833953857421875000e-01
-1.921787261962890625e-01
-1.865491867065429688e-01
-6.002426147460937500e-03
1.342296600341796875e-02
2.966117858886718750e-02
3.391456604003906250e-02
8.651828765869140625e-02
-7.452487200498580933e-02
-1.552019119262695312e-01
-1.638784259557723999e-01
-1.595382690429687500e-01
1.792488098144531250e-01
2.725582122802734375e-01
-2.136821299791336060e-01
6.599097978323698044e-03
4.722261428833007812e-01
3.945171833038330078e-01
-1.546669155359268188e-01
-1.991748958826065063e-01
-1.698627620935440063e-01
-2.235984802246093750e-01
-8.130264282226562500e-02
-1.946058273315429688e-01
1.200341582298278809e-01
-5.609988793730735779e-02
4.148139655590057373e-01
-9.583336859941482544e-02
9.511185437440872192e-02
-3.229639828205108643e-01
-1.610412597656250000e-01
2.044448852539062500e-01
-2.021980285644531250e-02
3.342247009277343750e-02
6.918907165527343750e-03
7.689189910888671875e-02
4.839611053466796875e-02
3.407669067382812500e-02
2.219009399414062500e-02
8.933067321777343750e-03
5.235099792480468750e-02
9.489059448242187500e-03
1.840209960937500000e-02
2.052211575210094452e-02
2.928734011948108673e-02
6.071281433105468750e-02
-7.261981070041656494e-02
-4.187576938420534134e-03
-2.502326667308807373e-01
-1.634283065795898438e-01
-4.866020381450653076e-02
-2.422647476196289062e-01
1.741970628499984741e-01
4.073972702026367188e-01
1.348142623901367188e-01
3.244409561157226562e-01
-1.707420498132705688e-01
2.563466727733612061e-01
1.619091033935546875e-01
-1.636740565299987793e-01
-2.041387557983398438e-01
-1.624860763549804688e-01
-2.523574829101562500e-01
-2.238073348999023438e-01
4.189635813236236572e-01
8.329200744628906250e-02
1.818161010742187500e-01
-1.445508003234863281e-02
9.844303131103515625e-02
1.802558898925781250e-01
3.272686004638671875e-01
3.284988403320312500e-01
2.257060855627059937e-01
3.351097106933593750e-01
5.304346084594726562e-01
4.340944290161132812e-01
-6.487464904785156250e-02
-1.819715648889541626e-01
-1.380558013916015625e-01
3.251552581787109375e-02
-1.388072818517684937e-01
-2.009207010269165039e-01
-1.546592861413955688e-01
1.376107186079025269e-01
-1.382620539516210556e-02
4.697351455688476562e-01
2.948570251464843750e-01
3.830165863037109375e-01
9.926287084817886353e-02
2.118161618709564209e-01
-1.943322569131851196e-01
3.673553094267845154e-02
4.922580718994140625e-02
-2.268979847431182861e-01
-2.011108547449111938e-01
-1.844501495361328125e-01
-1.634988933801651001e-01
-2.227811813354492188e-01
-1.980466693639755249e-01
-5.938256904482841492e-02
-1.116781234741210938e-01
1.097679138183593750e-03
-1.990904361009597778e-01
5.381584167480468750e-03
-1.286433041095733643e-01
-2.139949798583984375e-02
3.055136799812316895e-01
5.073575973510742188e-01
-2.275650799274444580e-01
-4.617171827703714371e-03
-5.434418097138404846e-02
-5.566944926977157593e-02
-6.206605117768049240e-03
-1.051902770996093750e-03
-2.531669735908508301e-01
-2.517690658569335938e-01
-2.287979125976562500e-01
1.610541492700576782e-01
-5.354666337370872498e-02
1.161353588104248047e-01
5.698776245117187500e-01
8.435249328613281250e-02
9.847480803728103638e-02
1.263428628444671631e-01
5.395412445068359375e-02
3.025140762329101562e-01
3.220529556274414062e-01
4.918112978339195251e-02
-1.783998496830463409e-02
2.691364474594593048e-02
9.283256530761718750e-02
1.357871443033218384e-01
-8.462893776595592499e-03
1.364450454711914062e-01
4.770755767822265625e-02
7.910919189453125000e-02
2.145551443099975586e-01
2.057733535766601562e-01
-2.397283166646957397e-01
1.231991127133369446e-01
2.082853317260742188e-01
-1.276266574859619141e-01
2.760324478149414062e-01
2.416515350341796875e-02
2.126349508762359619e-01
2.999086380004882812e-01
-7.315172255039215088e-02
3.833389282226562500e-02
1.248683854937553406e-01
-8.847808837890625000e-02
7.875061035156250000e-02
1.945848315954208374e-01
-1.411985456943511963e-01
-8.566690236330032349e-02
-4.199193790555000305e-03
-4.999790191650390625e-01
-6.028032302856445312e-01
2.712110280990600586e-01
2.335567474365234375e-01
2.672128677368164062e-01
2.079963684082031250e-01
-3.571510314941406250e-03
9.733390808105468750e-02
-6.633377075195312500e-02
8.987423032522201538e-02
1.321601867675781250e-02
-1.664810180664062500e-01
5.369186401367187500e-02
-9.285163879394531250e-02
-1.028785705566406250e-01
-1.001014783978462219e-01
2.135658264160156250e-02
-1.517677307128906250e-02
-4.224777221679687500e-02
-3.080367855727672577e-02
-9.953784942626953125e-02
-8.957671374082565308e-02
-7.212013751268386841e-02
6.092509627342224121e-01
4.101934432983398438e-01
5.031423568725585938e-01
1.566056311130523682e-01
2.095473706722259521e-01
4.153699874877929688e-01
-9.172800183296203613e-02
1.284017711877822876e-01
-6.845569610595703125e-02
-7.657051086425781250e-03
-6.994437426328659058e-02
-1.314776390790939331e-01
-3.700313568115234375e-01
-4.306564331054687500e-01
-3.860864639282226562e-01
3.097095191478729248e-01
-1.437369287014007568e-01
-1.040372774004936218e-01
-7.513331621885299683e-02
-1.660089492797851562e-01
-1.110706329345703125e-01
-7.453587651252746582e-02
-4.981232434511184692e-02
-4.123306274414062500e-02
2.558708004653453827e-02
-7.210158556699752808e-02
1.807005405426025391e-01
1.844005584716796875e-01
2.488193511962890625e-01
7.068138718605041504e-01
4.496507942676544189e-01
2.727384567260742188e-01
3.257026672363281250e-01
4.616516530513763428e-01
3.889303505420684814e-01
6.659212112426757812e-01
4.771394729614257812e-01
2.463736981153488159e-01
1.920709609985351562e-01
1.811685413122177124e-01
-5.318073555827140808e-02
2.286519855260848999e-01
2.866544723510742188e-01
3.164644241333007812e-01
3.507966995239257812e-01
3.164854049682617188e-01
3.323230743408203125e-01
3.718776702880859375e-01
3.266592025756835938e-01
3.505792617797851562e-01
3.983097076416015625e-01
3.656501770019531250e-01
3.528585433959960938e-01
5.226287841796875000e-01
4.677171707153320312e-01
3.560901880264282227e-01
2.414932250976562500e-01
3.572292327880859375e-01
3.400573730468750000e-01
2.289962768554687500e-02
-1.170635223388671875e-02
2.861909866333007812e-01
2.221984863281250000e-01
2.124814987182617188e-01
2.180156558752059937e-01
2.226934432983398438e-01
2.591838836669921875e-01
3.192339241504669189e-01
-6.279392167925834656e-03
-2.097234725952148438e-01
-4.033180177211761475e-01
-6.668758392333984375e-02
7.242959924042224884e-03
-2.595996856689453125e-01
-2.953834533691406250e-01
-2.133382409811019897e-01
-2.154674530029296875e-01
-2.430229336023330688e-01
-2.765331268310546875e-01
1.693135648965835571e-01
1.556100845336914062e-01
3.034114837646484375e-01
5.155191421508789062e-01
-4.041117131710052490e-01
-4.306620359420776367e-02
2.012926340103149414e-01
2.129001617431640625e-01
3.887519836425781250e-01
2.357120513916015625e-01
-1.460442990064620972e-01
-2.006616592407226562e-01
9.613419324159622192e-02
3.565311431884765625e-01
3.914976418018341064e-01
3.633141815662384033e-01
4.816532135009765625e-01
7.147789001464843750e-01
9.141808003187179565e-02
2.438678741455078125e-01
2.719268798828125000e-01
2.627038955688476562e-01
2.746486291289329529e-02
2.043676376342773438e-01
-1.981734996661543846e-03
-1.212110519409179688e-01
-2.768516540527343750e-02
6.723403930664062500e-03
1.107787992805242538e-02
1.007270812988281250e-02
2.781867980957031250e-03
-7.359505165368318558e-03
-5.709648132324218750e-02
1.566338725388050079e-02
2.799136936664581299e-02
1.047382280230522156e-01
5.917549133300781250e-03
-9.746070951223373413e-02
1.423082966357469559e-02
5.663642883300781250e-01
2.803077697753906250e-01
2.144241333007812500e-02
-3.510179743170738220e-02
1.290796697139739990e-01
2.437009960412979126e-01
1.314868927001953125e-01
5.649442076683044434e-01
1.552753448486328125e-01
1.627502441406250000e-01
1.751594692468643188e-01
8.191104233264923096e-02
2.065563201904296875e-01
2.854890823364257812e-01
2.721624374389648438e-01
1.554622650146484375e-01
3.419294953346252441e-02
-1.870174407958984375e-01
-1.696557998657226562e-01
-1.791191101074218750e-01
-2.069864273071289062e-01
-1.566953659057617188e-01
-1.398935317993164062e-01
-1.653785854578018188e-01
-1.568994522094726562e-01
-1.473045349121093750e-01
-2.810043096542358398e-01
-3.417253494262695312e-01
-4.104061126708984375e-01
1.964919865131378174e-01
2.746643424034118652e-01
3.875570297241210938e-01
3.456779941916465759e-02
-2.616853713989257812e-01
-1.949338763952255249e-01
-3.357267379760742188e-01
4.689216613769531250e-03
-6.276035308837890625e-02
-4.602716490626335144e-02
-1.614496111869812012e-03
-2.988805770874023438e-01
-3.633594214916229248e-01
-6.730842590332031250e-02
1.059147864580154419e-01
-8.542346954345703125e-02
-1.864337921142578125e-02
2.544283270835876465e-01
6.658573150634765625e-01
6.879843026399612427e-02
1.861562728881835938e-01
2.323618084192276001e-01
8.456349372863769531e-02
-1.550414562225341797e-01
3.606796497479081154e-03
-1.039626523852348328e-01
2.016448974609375000e-02
3.179178237915039062e-01
7.495269775390625000e-01
5.492229461669921875e-01
5.557240843772888184e-01
4.684228897094726562e-01
7.345733642578125000e-01
-1.996660232543945312e-01
-5.773067474365234375e-01
-6.729555130004882812e-01
-6.607723236083984375e-02
-2.663322687149047852e-01
3.311412930488586426e-01
9.284791946411132812e-01
5.287857055664062500e-01
6.089029312133789062e-01
4.090566933155059814e-01
-3.189276456832885742e-01
4.031181335449218750e-03
2.066869735717773438e-01
6.994391232728958130e-02
5.307588577270507812e-01
3.521137237548828125e-01
3.882198333740234375e-01
5.675541236996650696e-02
-3.194504082202911377e-01
-3.516845703125000000e-01
-2.957315444946289062e-01
-9.435138106346130371e-02
-3.124618344008922577e-02
8.108997344970703125e-02
1.348705291748046875e-01
-4.426930472254753113e-02
2.094479501247406006e-01
-5.200895294547080994e-02
-4.690551757812500000e-02
-5.122661590576171875e-02
-8.587836474180221558e-02
-3.531591892242431641e-01
-1.791295558214187622e-01
-2.498073577880859375e-01
-1.945247650146484375e-01
-6.742805242538452148e-02
-2.275161743164062500e-01
-2.559547424316406250e-01
-2.665023803710937500e-01
-2.768549323081970215e-01
-8.300781250000000000e-03
3.480110168457031250e-01
3.026008605957031250e-01
2.492017745971679688e-01
2.647104263305664062e-01
2.445964813232421875e-01
2.623434066772460938e-01
2.284803241491317749e-01
2.849940955638885498e-01
-8.821582794189453125e-02
-2.794360816478729248e-01
2.391248643398284912e-01
3.433465659618377686e-01
2.523202896118164062e-01
3.801164627075195312e-01
4.642782211303710938e-01
4.458923339843750000e-01
8.759097456932067871e-01
-1.593248397111892700e-01
-2.058115005493164062e-01
-2.672424316406250000e-01
-1.522483825683593750e-01
-2.609090805053710938e-01
-2.808380126953125000e-01
-5.492401123046875000e-02
-1.334934234619140625e-01
4.439828097820281982e-01
1.401181332767009735e-02
3.576126098632812500e-01
3.996668159961700439e-01
6.037243828177452087e-02
1.419143676757812500e-01
3.663454055786132812e-01
8.343328721821308136e-03
6.498050689697265625e-02
1.071824952960014343e-01
1.156842708587646484e-01
3.418903350830078125e-01
1.748978495597839355e-01
2.654697597026824951e-01
1.634853184223175049e-01
-1.429561525583267212e-01
-2.861232757568359375e-01
-1.317911148071289062e-01
1.205486357212066650e-01
-1.853697150945663452e-01
-3.531455993652343750e-03
-5.386857986450195312e-01
-3.173828125000000000e-01
-4.522857367992401123e-01
1.166543886065483093e-01
4.723517298698425293e-01
6.121968626976013184e-01
7.186030745506286621e-01
-9.677329659461975098e-02
-3.716509640216827393e-01
-2.388543933629989624e-01
-1.590020954608917236e-01
-3.055267333984375000e-01
-2.945508956909179688e-01
-2.957181632518768311e-01
-3.025884628295898438e-01
-2.052974700927734375e-01
-2.117414623498916626e-01
-2.944335937500000000e-01
-2.166396006941795349e-02
6.079672370105981827e-03
9.502887725830078125e-02
5.010319128632545471e-02
-1.729199290275573730e-01
3.642270565032958984e-01
1.049041838996345177e-05
1.346426010131835938e-01
1.069202497601509094e-01
1.018638685345649719e-01
1.317319869995117188e-01
-2.128050178289413452e-01
-2.269096225500106812e-01
-1.449661254882812500e-01
4.092281311750411987e-02
2.294235229492187500e-01
2.750720977783203125e-01
-4.704732075333595276e-02
-3.485202789306640625e-02
4.733085632324218750e-02
6.903267651796340942e-02
-4.538440704345703125e-02
-2.130689024925231934e-01
2.148687541484832764e-01
-3.076176345348358154e-02
-3.376397788524627686e-01
-2.533655166625976562e-01
2.786846458911895752e-01
-2.429304122924804688e-01
-7.669448852539062500e-03
-1.825094223022460938e-01
-8.503030240535736084e-02
3.609981834888458252e-01
2.082395553588867188e-01
2.349185943603515625e-01
1.936521530151367188e-01
1.007329393178224564e-02
-1.528329551219940186e-01
2.672767452895641327e-02
2.637834548950195312e-01
1.796490997076034546e-01
1.762337982654571533e-01
2.723445892333984375e-01
2.288447022438049316e-01
-4.252643287181854248e-01
-3.625269234180450439e-01
-4.044084548950195312e-01
-3.578309714794158936e-01
-3.186779022216796875e-01
-2.730884850025177002e-01
4.894409179687500000e-01
3.638121783733367920e-01
-5.455749481916427612e-02
-1.248598098754882812e-01
-2.381181716918945312e-01
-2.362775951623916626e-01
-2.209520339965820312e-01
-2.386627197265625000e-01
-1.148233488202095032e-01
-1.841535568237304688e-01
1.416813731193542480e-01
3.542833328247070312e-01
4.067448154091835022e-02
2.471494674682617188e-01
2.520923614501953125e-01
-1.516551971435546875e-01
-1.640596389770507812e-01
-1.638622283935546875e-01
-1.316499710083007812e-01
-1.884241104125976562e-01
-1.628208160400390625e-01
-6.242465972900390625e-02
3.202853724360466003e-02
2.281742095947265625e-01
3.667068481445312500e-01
4.735555648803710938e-01
4.497585296630859375e-01
4.810447692871093750e-01
4.404830634593963623e-01
4.422406852245330811e-01
4.861326217651367188e-01
3.824796378612518311e-01
3.767748177051544189e-01
1.120777800679206848e-01
2.375011444091796875e-01
2.833814620971679688e-01
2.459897845983505249e-01
3.009243011474609375e-01
4.565067291259765625e-01
4.596719443798065186e-01
-7.867915183305740356e-02
1.240272521972656250e-01
1.342363357543945312e-01
1.931114196777343750e-01
1.304244995117187500e-01
1.096963882446289062e-01
2.842504084110260010e-01
-3.745456784963607788e-02
2.100086212158203125e-02
-1.179809495806694031e-01
2.615527808666229248e-01
1.231365278363227844e-01
7.486343383789062500e-03
2.672672271728515625e-02
1.046934127807617188e-01
-8.803367614746093750e-03
8.994197845458984375e-02
4.513835906982421875e-02
2.377700805664062500e-02
9.189891815185546875e-02
1.144313905388116837e-02
-5.490549206733703613e-01
6.146172434091567993e-02
3.610869124531745911e-02
-4.564380645751953125e-02
3.139686584472656250e-02
9.654998779296875000e-03
-6.663513183593750000e-02
-1.654148101806640625e-02
1.854991912841796875e-02
-3.394140303134918213e-02
-9.425450116395950317e-02
2.381590306758880615e-01
-3.283023834228515625e-02
-1.261574923992156982e-01
-2.931673079729080200e-02
2.697086520493030548e-02
8.075488358736038208e-02
2.209300845861434937e-01
1.571321487426757812e-01
1.463260650634765625e-01
1.337327957153320312e-01
2.414731830358505249e-01
2.192315906286239624e-01
7.616567611694335938e-01
-3.218461275100708008e-01
3.331280127167701721e-02
4.144668579101562500e-02
9.957504272460937500e-02
1.912307739257812500e-02
2.803707309067249298e-02
-1.191711425781250000e-02
-5.518245697021484375e-02
-1.849651336669921875e-02
-2.996063232421875000e-02
-3.320503234863281250e-02
-3.927898406982421875e-02
1.662199050188064575e-01
3.027524948120117188e-01
1.152568832039833069e-01
2.846994400024414062e-01
1.584005206823348999e-01
2.771549224853515625e-01
1.929502487182617188e-01
1.109364330768585205e-01
1.675273776054382324e-01
5.602960586547851562e-01
4.331293106079101562e-01
4.883966743946075439e-01
6.245469450950622559e-01
1.496639251708984375e-01
2.556037902832031250e-02
1.329310983419418335e-01
1.186513900756835938e-01
2.225599288940429688e-01
-1.362040732055902481e-02
-1.314849853515625000e-01
-1.600790023803710938e-01
2.257394790649414062e-01
3.866310119628906250e-01
3.606271743774414062e-01
2.614938318729400635e-01
3.240108788013458252e-01
-2.947743833065032959e-01
-9.308146685361862183e-02
3.830128014087677002e-01
6.403284668922424316e-01
4.308843314647674561e-01
-1.241532787680625916e-01
-1.042846739292144775e-01
2.789011001586914062e-01
-1.774340569972991943e-01
-3.834194242954254150e-01
1.947078257799148560e-01
2.115039676427841187e-01
1.895613074302673340e-01
1.472043991088867188e-01
2.938003838062286377e-01
4.129378199577331543e-01
7.413730025291442871e-01
4.849042594432830811e-01
2.500629723072052002e-01
2.272243499755859375e-01
2.383928447961807251e-01
7.628936320543289185e-02
4.273910224437713623e-01
3.978033065795898438e-01
3.367080688476562500e-01
-4.442913830280303955e-01
1.589185595512390137e-01
-3.022379577159881592e-01
-2.126722335815429688e-01
-2.032845616340637207e-01
-1.335792541503906250e-01
-1.142959669232368469e-01
3.041877746582031250e-01
-1.319093704223632812e-01
2.520179748535156250e-02
-9.659004211425781250e-02
-5.270767211914062500e-02
6.468009948730468750e-02
-1.632862091064453125e-01
-3.805465698242187500e-01
-3.432617187500000000e-01
-3.779840469360351562e-01
-9.668635576963424683e-02
-3.316955566406250000e-01
-3.629398643970489502e-01
-4.045648574829101562e-01
-3.796949386596679688e-01
-2.906370162963867188e-01
6.103082373738288879e-02
3.831195831298828125e-02
4.877662658691406250e-02
-3.374099964275956154e-03
7.122802734375000000e-02
4.466152191162109375e-02
5.042362213134765625e-02
5.921840667724609375e-02
9.563255310058593750e-02
5.950450524687767029e-02
5.980028212070465088e-02
1.099491119384765625e-01
9.695816040039062500e-02
1.959133148193359375e-02
1.058578491210937500e-01
9.599113464355468750e-02
6.459045410156250000e-02
-2.414819151163101196e-01
-1.354846954345703125e-01
3.197288513183593750e-02
1.248670816421508789e-01
-2.905645370483398438e-01
-2.842617034912109375e-02
-5.739498138427734375e-02
-5.047226324677467346e-02
-2.337932772934436798e-02
-6.696033477783203125e-02
-2.170658111572265625e-02
-2.266211062669754028e-01
-1.480560302734375000e-01
-1.642217636108398438e-01
-1.339035034179687500e-01
-1.537294387817382812e-01
-1.440210342407226562e-01
-4.241466894745826721e-02
-1.170082092285156250e-01
-1.516542434692382812e-01
-1.573686599731445312e-01
-3.307055532932281494e-01
-9.153365157544612885e-03
-1.090431213378906250e-01
-1.057338714599609375e-02
-4.468384981155395508e-01
1.177989393472671509e-01
2.209315150976181030e-01
2.519454956054687500e-01
2.284736633300781250e-01
2.062768936157226562e-01
1.916418075561523438e-01
-5.702759325504302979e-02
2.090024948120117188e-01
2.929525375366210938e-01
2.799072265625000000e-01
2.709074020385742188e-01
2.576351165771484375e-01
2.048549801111221313e-01
3.528766334056854248e-01
-3.935386240482330322e-02
-5.372047424316406250e-03
-8.455371856689453125e-02
-4.806137084960937500e-02
-5.213260650634765625e-02
-2.039337158203125000e-02
2.346810102462768555e-01
3.636207282543182373e-01
8.215880393981933594e-02
9.990601986646652222e-02
1.948423385620117188e-01
-3.903799057006835938e-01
-4.777946472167968750e-01
3.439540863037109375e-01
2.876482009887695312e-01
2.740602493286132812e-01
3.593750000000000000e-01
-1.137526705861091614e-02
1.751675903797149658e-01
2.937889099121093750e-01
4.257593154907226562e-01
8.140782713890075684e-01
-6.083665043115615845e-02
5.463600158691406250e-02
7.908344268798828125e-02
-2.033526748418807983e-01
-2.860765457153320312e-01
5.020141601562500000e-03
9.644317626953125000e-02
5.741485580801963806e-02
3.939258400350809097e-03
2.527446746826171875e-01
-2.735801786184310913e-02
1.886653900146484375e-02
-1.884072124958038330e-01
-6.530857086181640625e-02
-8.007049560546875000e-02
-6.749629974365234375e-02
1.002025604248046875e-01
2.700176239013671875e-01
2.123003005981445312e-01
8.514492958784103394e-02
1.009454652667045593e-01
3.077566623687744141e-01
3.227043151855468750e-01
3.918581008911132812e-01
2.233009189367294312e-01
4.967403411865234375e-02
1.522655487060546875e-01
3.228569030761718750e-01
-1.121611520648002625e-01
-1.481545716524124146e-01
-3.290163874626159668e-01
-7.609558105468750000e-02
-4.238987341523170471e-02
-3.722572326660156250e-02
-7.737064361572265625e-02
6.151199340820312500e-03
1.764616519212722778e-01
1.691408157348632812e-01
-1.337595134973526001e-01
-1.231851577758789062e-01
-1.987934112548828125e-01
9.513425827026367188e-01
-1.519355773925781250e-01
-5.947684869170188904e-02
5.589771270751953125e-02
-8.936692029237747192e-02
7.184062898159027100e-02
-1.893644332885742188e-01
-1.934146881103515625e-01
-2.082414627075195312e-01
-2.629966437816619873e-01
-1.882677078247070312e-01
1.190730556845664978e-01
7.756605148315429688e-01
3.413906097412109375e-01
4.882469177246093750e-01
4.121065139770507812e-01
4.010038077831268311e-01
4.635248184204101562e-01
2.462635040283203125e-01
3.747949898242950439e-01
-1.774767637252807617e-01
-1.833343319594860077e-02
-2.958774566650390625e-02
9.227371215820312500e-02
-6.646060943603515625e-02
-5.779666900634765625e-01
-5.395450592041015625e-01
-6.018399596214294434e-01
-5.700845718383789062e-01
-5.599327087402343750e-01
-5.672140121459960938e-01
-6.147117614746093750e-01
-5.998544692993164062e-01
-5.566015243530273438e-01
-5.849437713623046875e-01
3.598567470908164978e-02
-2.077341228723526001e-01
3.902407735586166382e-02
-3.376346230506896973e-01
-3.298807144165039062e-01
-4.119396209716796875e-01
2.510738372802734375e-02
1.548776626586914062e-01
-2.599239349365234375e-02
-6.533336639404296875e-02
-7.329083234071731567e-02
-1.688289642333984375e-02
-1.645851135253906250e-02
1.714897155761718750e-01
2.025947570800781250e-01
2.484569698572158813e-01
2.191028594970703125e-01
1.982994079589843750e-01
2.247810363769531250e-01
2.310485839843750000e-01
2.009716182947158813e-01
-1.462565064430236816e-01
-1.689809262752532959e-01
-6.554889678955078125e-02
-8.350086212158203125e-02
-1.880931854248046875e-02
1.307318452745676041e-03
7.992553710937500000e-02
6.198883522301912308e-03
-1.856575161218643188e-01
-1.467714309692382812e-01
-1.423282623291015625e-01
-1.397562026977539062e-01
-1.629428863525390625e-01
2.717876434326171875e-02
2.029289677739143372e-02
-2.593708038330078125e-02
3.244400024414062500e-02
1.874542236328125000e-02
2.001285552978515625e-02
2.671432308852672577e-02
2.301406860351562500e-02
2.548255920410156250e-01
4.351958930492401123e-01
3.992500603199005127e-01
-2.296679466962814331e-01
6.503114104270935059e-02
1.595278978347778320e-01
4.000738263130187988e-02
1.764678955078125000e-02
2.078151702880859375e-02
-2.918863296508789062e-01
-1.591892242431640625e-01
-1.821108013391494751e-01
-1.813993304967880249e-01
-1.701164245605468750e-01
-1.088384911417961121e-01
-9.155273437500000000e-03
8.926105499267578125e-02
7.813673466444015503e-02
4.078435897827148438e-01
1.688060760498046875e-01
2.850799560546875000e-01
5.314826965332031250e-02
2.138233184814453125e-02
2.466583251953125000e-02
-2.794361114501953125e-02
-1.579716354608535767e-01
2.186307907104492188e-01
5.594753473997116089e-02
3.746232986450195312e-01
-2.282399982213973999e-01
-2.946834564208984375e-01
-1.916952282190322876e-01
-2.698499150574207306e-02
-1.543064117431640625e-01
-2.932009398937225342e-01
1.033792570233345032e-01
2.320795059204101562e-01
2.315330654382705688e-01
3.343410193920135498e-01
3.414163589477539062e-01
-3.717231750488281250e-02
-2.398576736450195312e-01
-1.407938003540039062e-01
-2.661647498607635498e-01
-2.637195885181427002e-01
-3.188410699367523193e-01
7.676792144775390625e-02
-2.087507247924804688e-01
-1.946497112512588501e-01
-3.078813552856445312e-01
-2.088843286037445068e-01
9.520705789327621460e-02
-5.101490020751953125e-02
-1.022138595581054688e-01
-1.653289794921875000e-02
6.361769884824752808e-02
1.428699493408203125e-02
9.993553161621093750e-03
1.526193469762802124e-01
-5.340003967285156250e-02
-1.780891269445419312e-01
-6.419563293457031250e-02
-8.021354675292968750e-02
-7.751655578613281250e-02
4.202175140380859375e-02
-8.228588104248046875e-02
-4.614830017089843750e-03
-5.636501684784889221e-02
-4.562664031982421875e-02
2.013959884643554688e-01
-6.406116485595703125e-02
-6.440734863281250000e-02
1.483814120292663574e-01
-2.458467334508895874e-01
-2.200803905725479126e-01
-2.379570007324218750e-01
-2.301443368196487427e-01
1.658668369054794312e-01
1.253480911254882812e-01
2.429962158203125000e-01
4.448118209838867188e-01
-2.088257521390914917e-01
-5.618112906813621521e-02
2.401340752840042114e-01
-4.247039854526519775e-01
5.687013268470764160e-02
4.134569168090820312e-01
-1.480041742324829102e-01
-2.229185104370117188e-01
-2.805137634277343750e-01
-1.685142703354358673e-02
-1.001234799623489380e-01
1.478557586669921875e-01
1.958074569702148438e-01
5.758380889892578125e-02
1.807785034179687500e-01
1.362686157226562500e-01
1.766223907470703125e-01
1.432380676269531250e-01
7.184219360351562500e-02
-3.585815429687500000e-03
1.550731658935546875e-01
2.771396636962890625e-01
-1.120328903198242188e-01
-1.289424896240234375e-01
-1.444129794836044312e-01
-1.392831951379776001e-01
-1.474717259407043457e-01
-1.081247329711914062e-01
1.384639739990234375e-02
1.308975219726562500e-01
3.743362426757812500e-02
-4.269123077392578125e-02
7.324122637510299683e-02
-5.330466851592063904e-02
7.776259910315275192e-03
1.165504530072212219e-01
9.476470947265625000e-02
-1.576995849609375000e-02
3.848358392715454102e-01
1.365927904844284058e-01
2.232170104980468750e-02
9.874820709228515625e-02
1.101207733154296875e-02
3.227710723876953125e-02
2.086543887853622437e-01
4.560552239418029785e-01
-2.191390991210937500e-01
-1.060781478881835938e-01
-1.607131958007812500e-01
-1.868934631347656250e-01
-1.594467163085937500e-01
-1.885309070348739624e-01
-1.334018707275390625e-01
-1.671829223632812500e-01
-1.910305023193359375e-01
-2.001444399356842041e-01
-1.566968560218811035e-01
-1.689452975988388062e-01
-3.926086425781250000e-02
-1.969443261623382568e-01
5.860424041748046875e-02
-3.365039825439453125e-02
-2.787876129150390625e-02
-3.220176994800567627e-01
-1.568460464477539062e-01
6.591960042715072632e-02
-1.198515444993972778e-01
4.497409462928771973e-01
4.442138671875000000e-01
3.310937881469726562e-01
5.776815414428710938e-01
-2.326768338680267334e-01
-1.756884902715682983e-01
2.486795932054519653e-01
1.232547760009765625e-01
2.451257854700088501e-01
4.721430316567420959e-02
-1.665554046630859375e-01
-1.170625761151313782e-01
-1.194515153765678406e-01
1.406698226928710938e-01
1.223030015826225281e-01
1.430034637451171875e-01
1.231975629925727844e-01
2.012815326452255249e-01
-1.077244877815246582e-01
3.395261764526367188e-01
-1.245499700307846069e-01
2.914991378784179688e-01
1.315440982580184937e-01
1.734552383422851562e-01
4.185876846313476562e-01
5.386607954278588295e-04
-2.290344238281250000e-02
-8.231735974550247192e-02
-1.309556961059570312e-01
5.758762359619140625e-02
-7.522583007812500000e-03
1.244649887084960938e-01
-9.267807006835937500e-03
8.411884307861328125e-02
3.693981170654296875e-01
2.765512466430664062e-01
-7.534213364124298096e-02
-1.151809692382812500e-01
-5.073442459106445312e-01
-1.533575057983398438e-01
-2.918205261230468750e-01
-1.447372436523437500e-01
-2.301623672246932983e-02
1.351737976074218750e-02
4.989432916045188904e-02
5.990219488739967346e-02
4.850483313202857971e-02
-3.748893439769744873e-01
2.738370895385742188e-01
2.733053565025329590e-01
2.513771057128906250e-01
2.115039825439453125e-01
2.628870904445648193e-01
2.757539749145507812e-01
2.737131118774414062e-01
2.366952896118164062e-01
2.028732299804687500e-01
1.568689346313476562e-01
1.896209567785263062e-01
1.771097183227539062e-01
2.842969894409179688e-01
3.278846740722656250e-01
6.475648880004882812e-01
1.769671589136123657e-01
2.199745029211044312e-01
-2.454836666584014893e-01
-7.993888854980468750e-02
2.571563720703125000e-01
6.023911759257316589e-02
2.096748352050781250e-01
2.031536102294921875e-01
7.921791821718215942e-02
-1.829768121242523193e-01
3.931490182876586914e-01
7.249134778976440430e-02
2.269525676965713501e-01
-3.322363793849945068e-01
-3.075418472290039062e-01
-3.598997741937637329e-02
1.230049133300781250e-01
1.237316206097602844e-01
1.001844406127929688e-01
-9.935655444860458374e-02
2.609539031982421875e-02
-4.169473052024841309e-01
-6.555233150720596313e-02
-3.506394326686859131e-01
-1.390687674283981323e-01
-1.372554004192352295e-01
3.579802811145782471e-01
3.799486160278320312e-01
2.304497510194778442e-01
-1.753941327333450317e-01
3.639693558216094971e-01
2.484521865844726562e-01
1.709829568862915039e-01
1.857752352952957153e-01
-2.334562093019485474e-01
-1.170883253216743469e-01
1.508234739303588867e-01
2.879648506641387939e-01
3.171424865722656250e-01
2.344655841588973999e-01
2.062292098999023438e-01
-7.833030074834823608e-02
-5.917549133300781250e-03
-1.401138305664062500e-02
-2.420601546764373779e-01
-4.067403078079223633e-02
-5.094401538372039795e-02
-3.322963714599609375e-01
-2.380914837121963501e-01
-3.460406959056854248e-01
-3.214225769042968750e-01
-3.259344100952148438e-01
-3.432369232177734375e-01
-3.350152969360351562e-01
-3.810548782348632812e-01
-3.251266479492187500e-01
-3.394765555858612061e-01
-3.346614837646484375e-01
-3.211317062377929688e-01
-2.923097610473632812e-01
-4.210029169917106628e-02
5.630327016115188599e-02
1.040906906127929688e-01
9.055709838867187500e-02
6.120300665497779846e-02
-1.777038574218750000e-01
-1.251516342163085938e-01
-1.727666854858398438e-01
1.157195866107940674e-01
4.889278709888458252e-01
1.197060570120811462e-01
-7.051230967044830322e-02
1.410484313964843750e-02
1.777659505605697632e-01
3.748540878295898438e-01
-7.827662676572799683e-02
-3.544425964355468750e-02
-2.932739257812500000e-02
2.885312736034393311e-01
2.068328857421875000e-02
-1.554574966430664062e-01
-1.701574325561523438e-01
8.589172363281250000e-02
-5.260086059570312500e-02
1.438140985555946827e-03
-4.908275604248046875e-02
3.237539827823638916e-01
2.596616744995117188e-01
3.268515765666961670e-01
5.210895538330078125e-01
4.819679260253906250e-01
4.978771209716796875e-01
5.020141601562500000e-01
5.221289992332458496e-01
4.858618080615997314e-01
5.540819168090820312e-01
4.901456832885742188e-01
-8.257860690355300903e-02
-1.515455245971679688e-01
-4.462432861328125000e-02
-1.087685897946357727e-01
-1.132755279541015625e-01
-3.560447692871093750e-02
2.321785688400268555e-02
1.385049819946289062e-01
4.545459747314453125e-01
4.858016967773437500e-02
-1.275291442871093750e-01
-2.638149261474609375e-02
1.407079696655273438e-01
1.774788089096546173e-02
4.751300811767578125e-02
2.498626708984375000e-02
-1.710987091064453125e-02
-1.548522412776947021e-01
-2.708080708980560303e-01
-4.902386665344238281e-02
6.886068731546401978e-02
1.031122207641601562e-01
8.640384674072265625e-02
9.994410723447799683e-02
1.346187591552734375e-01
1.152067184448242188e-01
9.600638598203659058e-02
6.336688995361328125e-02
2.537155151367187500e-02
3.451061248779296875e-02
8.721352554857730865e-03
2.674961090087890625e-02
6.965541839599609375e-02
7.999897748231887817e-02
9.725856781005859375e-02
-1.106548216193914413e-02
6.704329699277877808e-02
7.468318939208984375e-02
-7.142639160156250000e-02
4.461288452148437500e-02
1.713180541992187500e-02
7.847976684570312500e-02
1.684246063232421875e-01
6.544876098632812500e-02
6.557369232177734375e-02
3.572587668895721436e-01
1.798945367336273193e-01
2.646446414291858673e-02
1.901235580444335938e-01
2.502988874912261963e-01
2.258338779211044312e-01
4.681415557861328125e-01
3.111696243286132812e-01
2.566871643066406250e-01
-2.133228778839111328e-01
1.683502793312072754e-01
-8.173349499702453613e-02
1.275253295898437500e-02
1.803903430700302124e-01
1.109053790569305420e-01
4.652118682861328125e-01
-4.280203953385353088e-02
-2.204038947820663452e-01
-1.716136932373046875e-02
1.594658046960830688e-01
-3.586959838867187500e-02
1.572856903076171875e-01
2.148542404174804688e-01
-2.242823988199234009e-01
-2.132215499877929688e-01
-2.491159290075302124e-01
4.158592224121093750e-02
1.603126525878906250e-02
1.257133483886718750e-02
-6.813049782067537308e-03
-9.150315076112747192e-02
6.691932678222656250e-02
-4.296493530273437500e-02
-1.670551113784313202e-02
-5.067605972290039062e-01
-4.865770637989044189e-01
-4.461345970630645752e-01
-4.283475875854492188e-01
-5.247650146484375000e-01
-4.264354705810546875e-01
-2.881717681884765625e-01
2.705955505371093750e-01
4.841346740722656250e-01
6.687107086181640625e-01
5.485735535621643066e-01
6.347627639770507812e-01
6.123409271240234375e-01
1.654845029115676880e-01
-5.560493469238281250e-02
-1.158666610717773438e-01
-1.355751752853393555e-01
4.261768236756324768e-02
-1.961877048015594482e-01
4.342746734619140625e-01
3.944377899169921875e-01
1.297967880964279175e-01
3.563766479492187500e-01
1.972417831420898438e-01
2.458324432373046875e-01
2.002143710851669312e-01
-1.851205527782440186e-01
3.014364242553710938e-01
3.764896392822265625e-01
3.220348656177520752e-01
3.318910598754882812e-01
4.390513002872467041e-01
6.280332803726196289e-02
3.281631767749786377e-01
5.673130750656127930e-01
1.982583999633789062e-01
3.118200004100799561e-01
1.999057829380035400e-01
1.887197494506835938e-01
-9.668159484863281250e-02
-2.174526154994964600e-01
-2.213992923498153687e-01
-4.245138168334960938e-01
3.044225871562957764e-01
3.318328857421875000e-01
-1.677200496196746826e-01
-3.024711608886718750e-01
-2.651929855346679688e-01
-2.360477447509765625e-01
4.790776222944259644e-02
-6.025981530547142029e-02
-6.136703118681907654e-02
-1.059131622314453125e-01
-1.360149234533309937e-01
1.159200668334960938e-01
-3.949165344238281250e-02
-7.924114912748336792e-02
-1.900084763765335083e-01
-2.965736389160156250e-01
1.485696434974670410e-01
5.152950286865234375e-01
3.318881988525390625e-01
4.405698776245117188e-01
-1.396105438470840454e-01
-1.317310333251953125e-01
-2.455615997314453125e-02
-1.536369472742080688e-01
-2.012825012207031250e-02
-7.481575012207031250e-02
2.755065560340881348e-01
5.598449707031250000e-02
1.252584457397460938e-01
3.100013732910156250e-01
-1.434745639562606812e-01
1.401910781860351562e-01
1.848203539848327637e-01
2.334785461425781250e-01
1.338024139404296875e-01
1.134920194745063782e-01
-2.359687238931655884e-01
-2.681560516357421875e-01
-2.874784469604492188e-01
4.015560150146484375e-01
5.349302291870117188e-01
4.331617355346679688e-01
6.608333587646484375e-01
-2.696323394775390625e-02
-1.418237686157226562e-01
-1.166849136352539062e-01
1.271514296531677246e-01
3.928003311157226562e-01
2.510061562061309814e-01
1.972007751464843750e-02
3.207206726074218750e-02
-4.524230491369962692e-03
5.346584320068359375e-02
-3.098272085189819336e-01
-1.430606935173273087e-02
-2.978610992431640625e-02
-5.788040161132812500e-02
-1.367807388305664062e-01
-1.539182662963867188e-01
-1.693944931030273438e-01
-5.381584633141756058e-03
8.570949733257293701e-02
2.774095535278320312e-01
-1.703323051333427429e-02
-3.980790078639984131e-01
-3.033027648925781250e-01
-2.555704116821289062e-01
-1.214923858642578125e-01
-2.307721525430679321e-01
-1.830820888280868530e-01
3.137111663818359375e-02
-1.818789988756179810e-01
-1.151266098022460938e-01
-2.311611175537109375e-01
-1.092404350638389587e-01
2.921247482299804688e-01
-1.829624176025390625e-02
-7.288265228271484375e-02
-9.621524810791015625e-02
-8.593810349702835083e-02
5.034484863281250000e-01
1.567948311567306519e-01
1.721992492675781250e-01
1.102333068847656250e-01
5.125156641006469727e-01
5.941114425659179688e-01
7.026422023773193359e-02
3.564663231372833252e-01
4.617624282836914062e-01
4.434766769409179688e-01
5.989809036254882812e-01
4.781585931777954102e-01
3.631477653980255127e-01
2.657985687255859375e-01
-1.283884942531585693e-01
1.787290573120117188e-01
1.072177886962890625e-01
5.442613363265991211e-02
2.729148864746093750e-01
4.826239943504333496e-01
-1.527299880981445312e-01
2.940034866333007812e-01
2.737483978271484375e-01
2.470187991857528687e-01
2.718296051025390625e-01
-3.823080286383628845e-02
1.289901733398437500e-01
-9.147980809211730957e-02
5.418300628662109375e-02
6.527614593505859375e-01
3.984165191650390625e-02
-3.103889524936676025e-02
-3.876495361328125000e-02
4.384613409638404846e-02
7.836132049560546875e-01
-2.639728188514709473e-01
-1.584185659885406494e-01
-2.088546752929687500e-03
-2.727870941162109375e-01
-3.411464691162109375e-01
4.775867760181427002e-01
-2.451124191284179688e-01
1.157637014985084534e-01
1.959810256958007812e-01
5.885105952620506287e-02
1.781692504882812500e-01
1.725511550903320312e-01
1.016721725463867188e-01
-1.047140639275312424e-02
1.191062927246093750e-01
3.247117996215820312e-01
7.317790985107421875e-01
4.711523056030273438e-01
-3.829724341630935669e-02
3.639411926269531250e-02
1.744937896728515625e-02
-3.168704211711883545e-01
-1.061830446124076843e-01
-1.346778869628906250e-01
-1.108798906207084656e-01
-1.472263336181640625e-01
-1.282072067260742188e-01
-3.233608305454254150e-01
-5.279540643095970154e-02
-4.494953155517578125e-02
-2.028226852416992188e-01
-2.020225524902343750e-01
-2.314567565917968750e-02
-2.111978530883789062e-01
-2.734994888305664062e-01
-2.777223587036132812e-01
-2.885398864746093750e-01
6.092834472656250000e-01
2.564592361450195312e-01
2.088193893432617188e-01
-4.974855855107307434e-02
-2.362537533044815063e-01
-2.035570293664932251e-01
-1.675615310668945312e-01
3.735326528549194336e-01
-6.041661370545625687e-03
1.781730651855468750e-01
6.993769854307174683e-02
1.681769788265228271e-01
1.353301405906677246e-01
1.196842193603515625e-01
3.061456680297851562e-01
8.545311167836189270e-03
1.194653734564781189e-01
1.648216247558593750e-01
2.626247406005859375e-01
-2.790803015232086182e-01
-1.674470752477645874e-01
-3.871822357177734375e-02
-8.980560302734375000e-02
-1.764697879552841187e-01
-2.131820470094680786e-01
-1.955604553222656250e-01
-9.727287292480468750e-02
-8.594226837158203125e-02
-5.748176947236061096e-02
-9.986591339111328125e-02
-9.204768389463424683e-02
-9.889411926269531250e-02
-8.972740918397903442e-02
-9.989166259765625000e-02
1.268543768674135208e-02
3.280639648437500000e-03
1.493244171142578125e-01
1.076993942260742188e-01
2.535629458725452423e-02
1.841688156127929688e-01
2.254991531372070312e-01
-2.212608307600021362e-01
6.258010864257812500e-03
4.518127441406250000e-02
3.285884857177734375e-02
8.998961001634597778e-02
3.800725936889648438e-01
2.328462451696395874e-01
-4.831587150692939758e-02
8.004188537597656250e-02
1.777515411376953125e-01
3.294620513916015625e-01
5.410423278808593750e-01
1.901973485946655273e-01
2.663698196411132812e-01
1.251125335693359375e-01
8.365523070096969604e-02
3.265339136123657227e-02
-1.671695709228515625e-02
1.755647659301757812e-01
3.649949729442596436e-01
2.425098568201065063e-01
6.865537911653518677e-02
4.052257537841796875e-01
-2.582209999673068523e-04
1.319795697927474976e-01
2.550287246704101562e-01
3.623552322387695312e-01
-6.978048384189605713e-02
1.862001270055770874e-01
-1.553535461425781250e-02
3.649139404296875000e-02
1.146407201886177063e-01
9.444904327392578125e-02
-1.364841461181640625e-01
2.267604321241378784e-01
4.608831107616424561e-01
2.917709350585937500e-01
5.778779983520507812e-01
1.837857067584991455e-01
3.609199523925781250e-01
-1.687316894531250000e-01
-9.443085640668869019e-02
-1.150032579898834229e-01
5.469689518213272095e-02
5.517358779907226562e-01
-3.664291799068450928e-01
-6.459236145019531250e-02
-9.609222412109375000e-02
-3.729718551039695740e-02
2.612657546997070312e-01
3.154134750366210938e-01
1.563920974731445312e-01
2.444725036621093750e-01
1.172114610671997070e-01
1.762349903583526611e-01
5.333366394042968750e-01
-2.241655141115188599e-01
-2.797203361988067627e-01
-1.858720928430557251e-01
1.899538040161132812e-01
8.952360153198242188e-01
2.384090423583984375e-02
2.331153750419616699e-01
4.117332398891448975e-02
-4.838466644287109375e-02
-6.682491302490234375e-02
-5.518245697021484375e-02
-4.038143530488014221e-02
-7.500743120908737183e-02
-7.566834241151809692e-02
-8.025016635656356812e-02
3.941907882690429688e-01
-4.706287384033203125e-02
3.405307531356811523e-01
1.869840621948242188e-01
-2.180538177490234375e-01
-1.705207824707031250e-01
-1.295652389526367188e-01
-1.292886734008789062e-01
-1.384820938110351562e-01
-1.491765975952148438e-01
-1.356039047241210938e-01
-1.665811538696289062e-01
-1.935586929321289062e-01
-1.967334598302841187e-01
-1.584758609533309937e-01
-1.170825958251953125e-02
-1.805229187011718750e-01
-1.855754852294921875e-01
-1.088812872767448425e-01
-3.720293045043945312e-01
-4.392605125904083252e-01
-4.293251037597656250e-01
-1.708006411790847778e-01
2.427341938018798828e-01
-1.426343154162168503e-02
6.089248135685920715e-02
3.083076477050781250e-01
8.898601680994033813e-02
2.583064436912536621e-01
8.809830993413925171e-02
5.264377593994140625e-02
-2.673816680908203125e-02
2.446555905044078827e-02
2.495098114013671875e-02
-9.728145599365234375e-02
-2.010618597269058228e-01
4.750156402587890625e-02
5.976104363799095154e-02
3.510189056396484375e-01
4.089403152465820312e-01
1.384844444692134857e-02
1.009559631347656250e-02
-6.471443176269531250e-02
2.433980554342269897e-01
3.222594261169433594e-01
1.752882152795791626e-01
1.929845660924911499e-01
2.704839706420898438e-01
1.745834350585937500e-01
1.853132247924804688e-01
1.759529262781143188e-01
2.893743515014648438e-01
1.361865997314453125e-01
4.490661248564720154e-02
6.621074676513671875e-02
6.726360321044921875e-02
6.477546691894531250e-02
1.167097091674804688e-01
4.658603668212890625e-01
3.884401321411132812e-01
2.725870311260223389e-01
1.650800704956054688e-01
1.541872024536132812e-01
1.814050674438476562e-01
2.308254390954971313e-01
2.387189716100692749e-01
2.138938903808593750e-01
-9.635092318058013916e-02
-1.568012237548828125e-01
-1.031913757324218750e-01
-1.616954952478408813e-01
-3.645801842212677002e-01
-2.233610153198242188e-01
-2.631158828735351562e-01
-2.791471481323242188e-01
-1.734659448266029358e-02
1.787662506103515625e-02
-2.876186370849609375e-02
-1.487106084823608398e-01
4.933614283800125122e-02
2.075214385986328125e-01
4.114637076854705811e-01
3.592100143432617188e-01
-8.676023781299591064e-02
-1.851490288972854614e-01
3.292293548583984375e-01
6.592808365821838379e-01
-1.572113186120986938e-01
-1.820937693119049072e-01
7.853221893310546875e-02
7.460894528776407242e-03
1.336421966552734375e-01
1.573867797851562500e-01
2.570342123508453369e-01
2.711114883422851562e-01
1.604948043823242188e-01
1.135931015014648438e-01
2.313985973596572876e-01
1.853771060705184937e-01
1.756315231323242188e-01
2.905416488647460938e-01
3.038197457790374756e-01
8.014965057373046875e-02
9.729386121034622192e-02
7.963085174560546875e-02
8.878707885742187500e-02
2.377773970365524292e-01
4.425315856933593750e-01
5.927773118019104004e-01
-3.003317862749099731e-02
1.451015472412109375e-02
-1.659202575683593750e-02
5.755329504609107971e-02
4.631881713867187500e-01
2.406883426010608673e-02
3.545570373535156250e-02
3.322302997112274170e-01
-3.651863038539886475e-01
-5.005632713437080383e-02
3.660106658935546875e-02
1.029863357543945312e-01
1.726169735193252563e-01
2.363614886999130249e-01
3.040199279785156250e-01
-3.151069283485412598e-01
-3.921079635620117188e-01
-2.819148898124694824e-01
-5.012416467070579529e-02
-7.752608507871627808e-02
-8.000469207763671875e-02
3.095636144280433655e-02
3.397941822186112404e-03
8.078962564468383789e-02
-1.584265828132629395e-01
-1.163216084241867065e-01
4.415319114923477173e-02
9.335290640592575073e-02
1.593017429113388062e-01
1.209125518798828125e-01
2.475729137659072876e-01
2.005958557128906250e-02
5.430984869599342346e-02
-1.384446769952774048e-01
-7.008552551269531250e-02
-3.068923950195312500e-01
-3.153486251831054688e-01
-2.943077087402343750e-01
-3.063440322875976562e-01
-3.016490936279296875e-01
-3.038378059864044189e-01
-6.521979719400405884e-02
1.177339553833007812e-01
4.129204750061035156e-01
5.964860916137695312e-01
5.866661071777343750e-01
5.043420791625976562e-01
5.258016586303710938e-01
6.176624894142150879e-01
2.292127609252929688e-01
1.478300094604492188e-01
1.573076695203781128e-01
2.336072921752929688e-01
2.256002426147460938e-01
2.145745903253555298e-01
-5.990982055664062500e-02
6.563854217529296875e-02
-1.348268613219261169e-02
7.301425933837890625e-02
-2.098221182823181152e-01
-1.208258569240570068e-01
-1.684685051441192627e-01
-6.087398156523704529e-02
-1.405184268951416016e-01
-2.015628814697265625e-01
-2.015829086303710938e-01
-1.124601364135742188e-01
-4.278125762939453125e-01
-3.485288619995117188e-01
5.836009606719017029e-02
-3.510999977588653564e-01
-3.162183463573455811e-01
1.629357486963272095e-01
2.209194451570510864e-01
1.647167205810546875e-01
2.809705734252929688e-01
-1.698612123727798462e-01
1.166620180010795593e-01
-1.991782933473587036e-01
-2.144995927810668945e-01
-1.783952713012695312e-01
3.257730305194854736e-01
4.155702888965606689e-01
3.954753875732421875e-01
2.775993347167968750e-01
1.347490586340427399e-02
-3.683919832110404968e-02
4.758567810058593750e-01
1.337528135627508163e-02
-1.751798689365386963e-01
-5.111026763916015625e-02
-2.948207557201385498e-01
-2.180843353271484375e-01
-2.381601333618164062e-01
1.417893618345260620e-01
3.347721099853515625e-01
4.052762985229492188e-01
4.855871498584747314e-01
-1.547746658325195312e-01
-1.620006561279296875e-01
-1.617708206176757812e-01
1.070060729980468750e-01
2.830371856689453125e-01
-1.360047012567520142e-01
-3.565533831715583801e-02
2.535057067871093750e-01
3.369474112987518311e-01
5.477110296487808228e-02
1.646451950073242188e-01
2.394323348999023438e-01
1.790618896484375000e-01
-3.491182327270507812e-01
-3.328828811645507812e-01
-3.231954574584960938e-01
-3.284835815429687500e-01
-3.318271338939666748e-01
4.184229671955108643e-01
4.231519997119903564e-01
2.463264614343643188e-01
-9.336562454700469971e-02
-1.246833801269531250e-02
1.284829974174499512e-01
4.373063743114471436e-01
-6.432135403156280518e-02
-4.069900512695312500e-02
-4.914243891835212708e-02
8.302593231201171875e-02
-2.031327188014984131e-01
-8.546279370784759521e-02
2.030181698501110077e-02
-5.317115783691406250e-02
2.418809086084365845e-01
3.606386184692382812e-01
3.572959899902343750e-01
-1.011599674820899963e-01
1.166477203369140625e-01
2.422752529382705688e-01
-1.165765821933746338e-01
1.689968109130859375e-01
